# Blackhole GDDR6 refresh detection summary
# ch  mode  min  p50  p99  max  spikes  med_gap_cyc  med_gap_ns  med_excess_cyc  med_excess_ns
0  0  436  444  484  916  1487  4884.0  6105.0  40.0  50.0
0  1  570  626  642  1266  35  132696.0  165870.0  152.0  190.0
1  0  436  444  484  988  1491  4884.0  6105.0  40.0  50.0
1  1  570  626  642  1258  22  232944.0  291180.0  40.0  50.0
2  0  436  444  484  756  1493  4884.0  6105.0  32.0  40.0
2  1  570  626  642  1258  16  525992.0  657490.0  152.0  190.0
3  0  436  444  484  908  1489  4884.0  6105.0  40.0  50.0
3  1  570  626  642  1258  45  127776.0  159720.0  152.0  190.0
4  0  436  444  484  916  1491  4884.0  6105.0  40.0  50.0
4  1  570  626  642  1218  38  100744.0  125930.0  152.0  190.0
5  0  436  444  484  916  1490  4884.0  6105.0  32.0  40.0
5  1  570  626  642  1250  92  105656.0  132070.0  152.0  190.0
6  0  436  444  484  1092  1489  4884.0  6105.0  32.0  40.0
6  1  570  626  642  1258  129  58976.0  73720.0  152.0  190.0
7  0  436  444  484  836  1489  4884.0  6105.0  40.0  50.0
7  1  570  626  642  1218  38  189192.0  236490.0  152.0  190.0
